7757
6997
2091
3379
3711
3808
4570
4927
5224
5804
6342
7082
7485
7632
7965
70
176
206
435
895
991
1064
1113
1155
1208
1314
1316
1420
1491
1664
1735
1847
1887
1948
2028
2077
2112
2226
2266
2312
2313
2341
2444
2484
2602
2723
3035
3135
3140
3330
3372
3455
3543
3595
3692
3724
3780
3882
3890
3897
3898
4038
4050
4123
4225
4228
4229
4333
4350
4569
4587
4628
4935
5000
5214
5217
5290
5299
5317
5360
5440
5445
5545
5594
5858
5989
6057
6225
6300
6550
6749
6914
6951
7008
7509
7550
7567
7607
7630
7762
7903
4609
5582
7820
2
5
19
34
35
36
47
63
77
81
99
149
159
166
191
215
230
245
260
264
267
268
276
282
285
303
315
317
340
348
350
352
362
375
390
397
404
407
413
418
420
428
429
432
434
445
446
447
476
484
493
497
502
507
517
518
543
545
546
648
661
664
669
676
679
694
698
705
712
718
723
728
741
759
768
769
775
801
819
821
822
825
830
832
844
851
859
870
877
881
892
904
905
909
935
941
943
956
960
968
978
1000
1012
1014
1041
1046
1047
1049
1055
1071
1074
1103
1104
1106
1109
1118
1125
1144
1156
1157
1160
1161
1177
1190
1192
1199
1201
1220
1229
1234
1248
1249
1267
1305
1328
1330
1343
1346
1361
1367
1396
1400
1422
1423
1432
1436
1438
1441
1442
1456
1461
1462
1472
1481
1484
1492
1510
1527
1547
1589
1592
1599
1606
1610
1620
1622
1626
1629
1640
1648
1661
1666
1678
1685
1686
1687
1688
1690
1697
1704
1707
1723
1727
1754
1767
1774
1776
1796
1807
1820
1839
1851
1863
1866
1868
1871
1898
1921
1930
1932
1939
1949
1975
1977
1982
1985
1987
2006
2023
2025
2042
2045
2047
2049
2052
2060
2064
2065
2069
2072
2088
2089
2102
2113
2136
2144
2155
2161
2162
2184
2186
2191
2206
2208
2219
2237
2247
2258
2269
2277
2278
2289
2290
2318
2320
2327
2342
2347
2358
2361
2385
2391
2405
2430
2443
2447
2464
2468
2477
2480
2486
2494
2496
2501
2505
2512
2514
2516
2532
2534
2549
2551
2561
2568
2576
2587
2603
2625
2639
2650
2651
2661
2674
2724
2755
2758
2764
2777
2798
2801
2809
2832
2840
2842
2862
2864
2871
2900
2904
2914
2932
2933
2935
2936
2950
2953
2962
2973
2978
2989
3020
3024
3028
3032
3045
3057
3076
3078
3079
3081
3092
3095
3101
3112
3119
3129
3139
3145
3155
3159
3160
3229
3230
3234
3244
3249
3251
3268
3276
3279
3289
3298
3343
3346
3361
3373
3387
3389
3394
3396
3407
3412
3428
3438
3442
3446
3448
3453
3457
3482
3497
3508
3511
3514
3518
3604
3635
3644
3654
3655
3658
3662
3664
3676
3677
3682
3683
3691
3702
3705
3709
3720
3727
3732
3738
3740
3767
3779
3792
3805
3809
3810
3813
3816
3826
3832
